if game.PlaceId == 2753915549 then
    World1 = true
elseif game.PlaceId == 4442272183 then
    World2 = true
elseif game.PlaceId == 7449423635 then
    World3 = true
else
    game:GetService("Players").LocalPlayer:Kick("Do not Support, Please wait...")
end

function CheckQuest() 
    MyLevel = game:GetService("Players").LocalPlayer.Data.Level.Value
    if World1 then
        if MyLevel == 1 or MyLevel <= 9 then
            Mon = "Bandit"
            LevelQuest = 1
            NameQuest = "BanditQuest1"
            NameMon = "Bandit"
            CFrameQuest = CFrame.new(1059.37195, 15.4495068, 1550.4231, 0.939700544, -0, -0.341998369, 0, 1, -0, 0.341998369, 0, 0.939700544)
            CFrameMon = CFrame.new(1045.962646484375, 27.00250816345215, 1560.8203125)
        elseif MyLevel == 10 or MyLevel <= 14 then
            Mon = "Monkey"
            LevelQuest = 1
            NameQuest = "JungleQuest"
            NameMon = "Monkey"
            CFrameQuest = CFrame.new(-1598.08911, 35.5501175, 153.377838, 0, 0, 1, 0, 1, -0, -1, 0, 0)
            CFrameMon = CFrame.new(-1448.51806640625, 67.85301208496094, 11.46579647064209)
        elseif MyLevel == 15 or MyLevel <= 29 then
            Mon = "Gorilla"
            LevelQuest = 2
            NameQuest = "JungleQuest"
            NameMon = "Gorilla"
            CFrameQuest = CFrame.new(-1598.08911, 35.5501175, 153.377838, 0, 0, 1, 0, 1, -0, -1, 0, 0)
            CFrameMon = CFrame.new(-1129.8836669921875, 40.46354675292969, -525.4237060546875)
        elseif MyLevel == 30 or MyLevel <= 39 then
            Mon = "Pirate"
            LevelQuest = 1
            NameQuest = "BuggyQuest1"
            NameMon = "Pirate"
            CFrameQuest = CFrame.new(-1141.07483, 4.10001802, 3831.5498, 0.965929627, -0, -0.258804798, 0, 1, -0, 0.258804798, 0, 0.965929627)
            CFrameMon = CFrame.new(-1103.513427734375, 13.752052307128906, 3896.091064453125)
        elseif MyLevel == 40 or MyLevel <= 59 then
            Mon = "Brute"
            LevelQuest = 2
            NameQuest = "BuggyQuest1"
            NameMon = "Brute"
            CFrameQuest = CFrame.new(-1141.07483, 4.10001802, 3831.5498, 0.965929627, -0, -0.258804798, 0, 1, -0, 0.258804798, 0, 0.965929627)
            CFrameMon = CFrame.new(-1140.083740234375, 14.809885025024414, 4322.92138671875)
        elseif MyLevel == 60 or MyLevel <= 74 then
            Mon = "Desert Bandit"
            LevelQuest = 1
            NameQuest = "DesertQuest"
            NameMon = "Desert Bandit"
